Filename:	D:\TGAdata\„∆√ŒœÈ\Ã∆–°º™\15%5mm.t6d

Temperature (°„C)	Weight % (%)
28.11	100.095
28.10	100.107
28.10	100.067
28.10	100.063
28.11	100.079
28.11	100.067
28.12	100.103
28.13	100.142
28.16	100.138
28.19	100.166
28.24	100.185
28.30	100.177
28.36	100.201
28.44	100.209
28.52	100.185
28.62	100.197
28.73	100.213
28.85	100.193
28.99	100.205
29.15	100.232
29.32	100.221
29.50	100.232
29.68	100.232
29.89	100.217
30.10	100.236
30.32	100.252
30.55	100.240
30.78	100.240
31.02	100.244
31.27	100.232
31.52	100.236
31.78	100.252
32.05	100.248
32.31	100.252
32.59	100.264
32.86	100.252
33.15	100.244
33.43	100.256
33.72	100.260
34.01	100.276
34.31	100.287
34.61	100.276
34.91	100.264
35.21	100.279
35.51	100.276
35.82	100.276
36.12	100.279
36.43	100.283
36.74	100.283
37.05	100.287
37.37	100.279
37.68	100.260
38.00	100.268
38.32	100.276
38.63	100.276
38.95	100.291
39.27	100.303
39.59	100.307
39.91	100.335
40.23	100.350
40.56	100.358
40.88	100.362
41.20	100.358
41.53	100.358
41.86	100.366
42.18	100.378
42.51	100.378
42.84	100.394
43.17	100.397
43.50	100.389
43.83	100.389
44.16	100.386
44.50	100.386
44.83	100.397
45.16	100.409
45.50	100.409
45.83	100.417
46.16	100.417
46.49	100.417
46.83	100.429
47.16	100.441
47.50	100.445
47.83	100.441
48.17	100.441
48.51	100.441
48.85	100.448
49.19	100.452
49.52	100.448
49.86	100.445
50.20	100.448
50.54	100.445
50.87	100.445
51.21	100.460
51.55	100.460
51.89	100.456
52.23	100.460
52.57	100.456
52.90	100.464
53.24	100.464
53.58	100.452
53.93	100.448
54.27	100.448
54.61	100.445
54.94	100.441
55.28	100.452
55.62	100.460
55.96	100.460
56.30	100.456
56.64	100.448
56.98	100.445
57.31	100.441
57.66	100.445
58.00	100.448
58.33	100.460
58.67	100.464
59.01	100.460
59.35	100.456
59.69	100.460
60.03	100.460
60.37	100.472
60.71	100.480
61.04	100.476
61.38	100.476
61.72	100.472
62.06	100.464
62.40	100.460
62.74	100.464
63.08	100.456
63.42	100.452
63.76	100.448
64.11	100.448
64.44	100.445
64.78	100.448
65.13	100.452
65.47	100.452
65.81	100.456
66.14	100.452
66.48	100.441
66.83	100.441
67.17	100.437
67.51	100.433
67.85	100.433
68.19	100.421
68.53	100.409
68.88	100.425
69.22	100.437
69.56	100.433
69.91	100.425
70.26	100.417
70.60	100.413
70.95	100.401
71.29	100.409
71.64	100.409
71.98	100.409
72.33	100.409
72.67	100.405
73.02	100.405
73.37	100.397
73.71	100.405
74.06	100.409
74.40	100.409
74.74	100.401
75.09	100.397
75.43	100.401
75.77	100.394
76.11	100.405
76.46	100.417
76.80	100.417
77.14	100.405
77.48	100.401
77.83	100.397
78.17	100.397
78.51	100.401
78.85	100.397
79.20	100.409
79.54	100.409
79.88	100.401
80.22	100.386
80.57	100.378
80.91	100.378
81.25	100.382
81.60	100.382
81.94	100.382
82.28	100.382
82.63	100.378
82.97	100.374
83.31	100.374
83.66	100.382
84.00	100.382
84.34	100.378
84.68	100.370
85.02	100.366
85.36	100.366
85.71	100.370
86.05	100.382
86.39	100.378
86.73	100.374
87.07	100.374
87.41	100.374
87.75	100.378
88.10	100.370
88.44	100.362
88.78	100.362
89.12	100.358
89.46	100.370
89.81	100.378
90.14	100.389
90.48	100.386
90.82	100.389
91.16	100.386
91.50	100.382
91.84	100.382
92.18	100.374
92.52	100.374
92.86	100.370
93.20	100.366
93.55	100.354
93.89	100.350
94.23	100.346
94.58	100.342
94.92	100.330
95.26	100.330
95.60	100.327
95.95	100.338
96.29	100.338
96.63	100.342
96.97	100.346
97.31	100.346
97.65	100.346
97.99	100.342
98.33	100.335
98.67	100.338
99.02	100.335
99.36	100.330
99.70	100.327
100.04	100.327
100.38	100.330
100.73	100.335
101.07	100.338
101.41	100.330
101.75	100.319
102.09	100.319
102.43	100.319
102.77	100.315
103.11	100.315
103.45	100.323
103.79	100.311
104.13	100.299
104.47	100.311
104.81	100.311
105.15	100.315
105.49	100.311
105.82	100.307
106.16	100.307
106.50	100.299
106.83	100.299
107.16	100.303
107.50	100.307
107.83	100.303
108.16	100.307
108.49	100.307
108.82	100.303
109.15	100.303
109.47	100.295
109.80	100.299
110.13	100.307
110.45	100.315
110.78	100.315
111.11	100.311
111.43	100.315
111.76	100.311
112.09	100.303
112.41	100.307
112.74	100.299
113.06	100.291
113.39	100.287
113.72	100.287
114.04	100.279
114.37	100.279
114.69	100.276
115.02	100.279
115.34	100.276
115.67	100.276
115.99	100.268
116.32	100.264
116.64	100.260
116.96	100.256
117.28	100.256
117.61	100.260
117.93	100.260
118.25	100.260
118.57	100.256
118.90	100.260
119.22	100.256
119.54	100.256
119.87	100.260
120.19	100.256
120.51	100.244
120.83	100.244
121.15	100.248
121.47	100.240
121.79	100.236
122.11	100.240
122.43	100.240
122.75	100.236
123.07	100.229
123.40	100.225
123.72	100.225
124.05	100.232
124.38	100.225
124.71	100.225
125.04	100.221
125.36	100.221
125.69	100.229
126.02	100.232
126.34	100.229
126.67	100.229
127.00	100.221
127.33	100.221
127.66	100.221
127.98	100.213
128.31	100.205
128.64	100.201
128.97	100.201
129.30	100.197
129.62	100.201
129.95	100.197
130.28	100.189
130.60	100.193
130.93	100.197
131.25	100.197
131.58	100.201
131.90	100.205
132.23	100.201
132.55	100.205
132.88	100.205
133.20	100.205
133.52	100.201
133.84	100.201
134.17	100.197
134.49	100.197
134.82	100.193
135.14	100.181
135.47	100.173
135.79	100.170
136.12	100.170
136.45	100.166
136.77	100.166
137.10	100.166
137.42	100.173
137.75	100.173
138.07	100.173
138.39	100.173
138.72	100.170
139.04	100.166
139.36	100.170
139.69	100.166
140.01	100.162
140.34	100.158
140.66	100.162
140.98	100.166
141.31	100.158
141.63	100.154
141.96	100.150
142.28	100.146
142.60	100.138
142.92	100.138
143.24	100.142
143.57	100.134
143.89	100.122
144.21	100.126
144.53	100.122
144.85	100.122
145.17	100.111
145.49	100.111
145.81	100.111
146.14	100.111
146.46	100.107
146.79	100.103
147.11	100.107
147.43	100.114
147.75	100.119
148.08	100.111
148.40	100.114
148.72	100.114
149.05	100.111
149.37	100.103
149.69	100.099
150.01	100.095
150.33	100.095
150.65	100.107
150.97	100.111
151.29	100.107
151.61	100.099
151.93	100.103
152.25	100.099
152.57	100.095
152.89	100.095
153.21	100.099
153.53	100.099
153.85	100.095
154.17	100.095
154.49	100.095
154.81	100.099
155.13	100.095
155.45	100.095
155.77	100.087
156.09	100.079
156.41	100.071
156.73	100.079
157.05	100.079
157.37	100.071
157.69	100.071
158.01	100.063
158.32	100.071
158.65	100.063
158.96	100.063
159.28	100.060
159.61	100.055
159.93	100.063
160.25	100.060
160.57	100.060
160.90	100.060
161.22	100.052
161.54	100.044
161.86	100.048
162.18	100.055
162.50	100.052
162.82	100.060
163.13	100.060
163.45	100.052
163.77	100.055
164.09	100.060
164.41	100.063
164.74	100.067
165.06	100.071
165.38	100.071
165.70	100.071
166.02	100.075
166.34	100.075
166.66	100.079
166.98	100.071
167.31	100.067
167.63	100.063
167.95	100.060
168.27	100.055
168.59	100.060
168.91	100.063
169.23	100.060
169.55	100.060
169.88	100.052
170.20	100.052
170.52	100.052
170.84	100.052
171.16	100.048
171.48	100.052
171.80	100.052
172.12	100.044
172.44	100.040
172.76	100.028
173.08	100.028
173.41	100.032
173.73	100.036
174.06	100.040
174.38	100.040
174.71	100.032
175.03	100.024
175.36	100.032
175.69	100.032
176.01	100.028
176.34	100.032
176.66	100.036
176.99	100.032
177.32	100.024
177.65	100.020
177.97	100.020
178.30	100.020
178.63	100.016
178.96	100.013
179.28	100.024
179.61	100.028
179.94	100.024
180.27	100.028
180.60	100.020
180.93	100.016
181.26	100.013
181.59	100.013
181.92	100.005
182.26	100.001
182.59	100.001
182.92	100.001
183.25	100.005
183.58	100.013
183.91	100.008
184.25	100.016
184.58	100.016
184.91	100.016
185.24	100.013
185.57	100.013
185.90	100.005
186.22	100.001
186.55	99.993
186.88	99.997
187.21	100.008
187.54	100.008
187.87	100.005
188.20	100.001
188.53	100.001
188.86	99.997
189.19	99.989
189.52	99.989
189.85	99.989
190.18	99.981
190.51	99.965
190.83	99.961
191.16	99.965
191.50	99.965
191.83	99.973
192.16	99.973
192.48	99.973
192.81	99.973
193.14	99.973
193.47	99.977
193.80	99.981
194.13	99.977
194.45	99.977
194.78	99.973
195.11	99.969
195.44	99.981
195.77	99.989
196.10	99.977
196.42	99.981
196.75	99.981
197.08	99.985
197.41	99.985
197.75	99.981
198.08	99.973
198.40	99.973
198.73	99.977
199.06	99.973
199.39	99.973
199.72	99.977
200.05	99.977
200.37	99.981
200.70	99.973
201.03	99.961
201.36	99.961
201.69	99.961
202.03	99.957
202.36	99.950
202.69	99.954
203.02	99.957
203.35	99.946
203.69	99.946
204.02	99.942
204.35	99.946
204.67	99.946
205.01	99.938
205.33	99.942
205.66	99.946
205.99	99.946
206.32	99.946
206.65	99.946
206.98	99.946
207.31	99.946
207.64	99.957
207.97	99.954
208.30	99.950
208.63	99.946
208.96	99.946
209.29	99.938
209.62	99.926
209.95	99.922
210.28	99.914
210.61	99.914
210.94	99.918
211.27	99.914
211.61	99.902
211.94	99.910
212.26	99.926
212.59	99.934
212.92	99.938
213.26	99.934
213.59	99.926
213.92	99.926
214.25	99.926
214.58	99.922
214.92	99.910
215.25	99.906
215.58	99.902
215.91	99.898
216.25	99.902
216.58	99.910
216.91	99.906
217.24	99.895
217.57	99.895
217.90	99.898
218.23	99.895
218.57	99.895
218.90	99.895
219.23	99.898
219.56	99.898
219.89	99.891
220.22	99.875
220.55	99.875
220.88	99.871
221.22	99.871
221.55	99.871
221.88	99.879
222.21	99.875
222.54	99.879
222.87	99.883
223.20	99.887
223.53	99.891
223.85	99.891
224.18	99.887
224.51	99.887
224.84	99.887
225.17	99.875
225.50	99.859
225.83	99.859
226.15	99.855
226.48	99.855
226.81	99.855
227.14	99.859
227.46	99.859
227.79	99.863
228.12	99.867
228.45	99.859
228.78	99.851
229.11	99.847
229.43	99.847
229.76	99.847
230.09	99.847
230.42	99.851
230.75	99.847
231.08	99.851
231.41	99.859
231.74	99.855
232.07	99.847
232.40	99.836
232.72	99.828
233.05	99.824
233.39	99.828
233.72	99.832
234.05	99.828
234.38	99.816
234.71	99.812
235.04	99.812
235.37	99.816
235.70	99.812
236.03	99.808
236.36	99.800
236.69	99.800
237.01	99.792
237.34	99.789
237.67	99.797
238.00	99.789
238.33	99.781
238.66	99.777
239.00	99.765
239.33	99.769
239.66	99.773
239.99	99.769
240.33	99.769
240.66	99.765
240.99	99.761
241.32	99.757
241.65	99.753
241.98	99.745
242.31	99.741
242.63	99.745
242.96	99.738
243.29	99.730
243.61	99.722
243.94	99.722
244.28	99.722
244.61	99.722
244.94	99.714
245.27	99.722
245.60	99.722
245.94	99.710
246.27	99.706
246.61	99.698
246.94	99.694
247.27	99.698
247.61	99.694
247.94	99.690
248.27	99.682
248.60	99.679
248.93	99.675
249.27	99.667
249.60	99.667
249.93	99.667
250.26	99.655
250.59	99.643
250.93	99.631
251.26	99.631
251.59	99.635
251.92	99.635
252.25	99.627
252.59	99.620
252.92	99.620
253.25	99.612
253.59	99.620
253.92	99.616
254.25	99.620
254.58	99.616
254.92	99.596
255.25	99.592
255.58	99.588
255.92	99.588
256.25	99.592
256.58	99.596
256.91	99.596
257.24	99.596
257.57	99.592
257.90	99.588
258.23	99.588
258.55	99.588
258.88	99.580
259.21	99.573
259.54	99.561
259.87	99.565
260.19	99.569
260.52	99.569
260.84	99.557
261.17	99.557
261.49	99.549
261.81	99.545
262.14	99.545
262.46	99.545
262.79	99.533
263.11	99.517
263.44	99.510
263.76	99.502
264.08	99.494
264.41	99.482
264.73	99.482
265.05	99.478
265.37	99.470
265.69	99.470
266.02	99.466
266.34	99.458
266.66	99.447
266.98	99.447
267.31	99.443
267.63	99.443
267.96	99.439
268.28	99.435
268.61	99.435
268.93	99.427
269.25	99.419
269.57	99.411
269.89	99.404
270.22	99.404
270.54	99.400
270.87	99.400
271.19	99.396
271.51	99.384
271.83	99.388
272.16	99.380
272.48	99.384
272.80	99.380
273.13	99.376
273.45	99.372
273.78	99.368
274.10	99.364
274.42	99.364
274.74	99.352
275.07	99.345
275.38	99.329
275.71	99.317
276.03	99.317
276.35	99.309
276.67	99.305
276.99	99.305
277.31	99.298
277.63	99.282
277.96	99.278
278.28	99.270
278.60	99.270
278.92	99.270
279.25	99.266
279.57	99.270
279.89	99.274
280.21	99.270
280.53	99.254
280.85	99.235
281.18	99.227
281.50	99.215
281.82	99.207
282.14	99.207
282.46	99.195
282.79	99.203
283.11	99.195
283.43	99.188
283.75	99.172
284.07	99.164
284.39	99.156
284.72	99.156
285.05	99.152
285.37	99.148
285.70	99.152
286.03	99.156
286.35	99.156
286.68	99.144
287.00	99.136
287.33	99.136
287.65	99.129
287.97	99.121
288.30	99.117
288.62	99.117
288.95	99.105
289.27	99.097
289.59	99.085
289.91	99.082
290.23	99.078
290.55	99.070
290.88	99.070
291.19	99.062
291.52	99.058
291.84	99.054
292.16	99.046
292.49	99.046
292.81	99.046
293.13	99.046
293.46	99.038
293.79	99.019
294.11	99.019
294.44	99.015
294.76	99.011
295.08	98.999
295.41	98.995
295.74	98.979
296.06	98.964
296.38	98.952
296.70	98.948
297.03	98.940
297.35	98.928
297.68	98.920
298.00	98.920
298.33	98.913
298.65	98.905
298.98	98.901
299.31	98.889
299.63	98.881
299.96	98.873
300.29	98.858
300.62	98.842
300.95	98.826
301.29	98.814
301.62	98.807
301.95	98.803
302.28	98.795
302.61	98.779
302.94	98.771
303.27	98.771
303.61	98.759
303.94	98.748
304.28	98.740
304.61	98.724
304.95	98.716
305.28	98.704
305.62	98.689
305.96	98.685
306.29	98.661
306.63	98.653
306.96	98.649
307.30	98.642
307.63	98.634
307.97	98.622
308.30	98.614
308.63	98.610
308.96	98.602
309.29	98.586
309.63	98.575
309.96	98.563
310.30	98.547
310.63	98.528
310.97	98.520
311.31	98.504
311.64	98.485
311.98	98.469
312.32	98.453
312.66	98.437
312.99	98.429
313.33	98.422
313.67	98.406
314.01	98.386
314.34	98.359
314.68	98.335
315.02	98.316
315.36	98.308
315.69	98.288
316.03	98.276
316.36	98.257
316.69	98.241
317.03	98.221
317.36	98.205
317.70	98.194
318.03	98.178
318.37	98.151
318.70	98.135
319.04	98.115
319.38	98.103
319.71	98.072
320.05	98.052
320.38	98.037
320.71	98.009
321.05	97.978
321.38	97.958
321.72	97.942
322.05	97.927
322.38	97.911
322.71	97.891
323.04	97.868
323.38	97.836
323.71	97.809
324.05	97.777
324.38	97.746
324.72	97.726
325.05	97.695
325.39	97.671
325.72	97.648
326.06	97.636
326.39	97.613
326.72	97.581
327.06	97.546
327.39	97.526
327.72	97.498
328.06	97.475
328.39	97.447
328.73	97.412
329.06	97.377
329.39	97.341
329.73	97.306
330.06	97.271
330.40	97.243
330.73	97.216
331.07	97.184
331.40	97.149
331.73	97.117
332.07	97.086
332.40	97.058
332.74	97.027
333.08	96.996
333.41	96.964
333.75	96.937
334.08	96.901
334.42	96.870
334.76	96.827
335.09	96.792
335.43	96.748
335.76	96.713
336.10	96.670
336.43	96.634
336.77	96.603
337.10	96.564
337.44	96.540
337.77	96.505
338.11	96.469
338.44	96.418
338.78	96.371
339.11	96.328
339.44	96.293
339.77	96.253
340.11	96.202
340.44	96.159
340.77	96.108
341.11	96.065
341.44	96.018
341.77	95.970
342.10	95.920
342.44	95.869
342.77	95.821
343.11	95.770
343.44	95.711
343.78	95.656
344.11	95.601
344.44	95.546
344.78	95.495
345.12	95.448
345.45	95.389
345.79	95.342
346.12	95.271
346.46	95.201
346.80	95.138
347.13	95.071
347.47	95.004
347.81	94.938
348.14	94.871
348.48	94.800
348.81	94.729
349.14	94.658
349.48	94.592
349.81	94.521
350.15	94.458
350.48	94.395
350.82	94.321
351.15	94.246
351.49	94.168
351.83	94.081
352.16	93.999
352.49	93.916
352.82	93.830
353.16	93.747
353.49	93.665
353.83	93.586
354.17	93.492
354.51	93.405
354.84	93.315
355.18	93.225
355.52	93.139
355.86	93.040
356.20	92.950
356.54	92.856
356.88	92.773
357.21	92.675
357.55	92.577
357.89	92.483
358.23	92.388
358.57	92.286
358.91	92.184
359.25	92.078
359.59	91.976
359.93	91.870
360.27	91.756
360.60	91.634
360.94	91.512
361.28	91.410
361.62	91.300
361.95	91.186
362.29	91.068
362.63	90.951
362.97	90.825
363.30	90.707
363.64	90.589
363.97	90.471
364.31	90.346
364.64	90.220
364.97	90.098
365.31	89.969
365.64	89.843
365.98	89.717
366.32	89.584
366.65	89.446
366.98	89.313
367.32	89.167
367.65	89.026
367.98	88.888
368.31	88.751
368.64	88.617
368.97	88.472
369.30	88.339
369.63	88.197
369.96	88.052
370.29	87.907
370.61	87.761
370.94	87.624
371.27	87.474
371.60	87.325
371.93	87.184
372.27	87.035
372.60	86.881
372.93	86.736
373.26	86.587
373.59	86.433
373.92	86.276
374.25	86.111
374.58	85.950
374.91	85.785
375.23	85.628
375.56	85.471
375.89	85.314
376.22	85.153
376.55	84.992
376.88	84.827
377.20	84.666
377.53	84.509
377.86	84.352
378.19	84.195
378.52	84.045
378.85	83.880
379.18	83.719
379.51	83.558
379.84	83.401
380.17	83.240
380.50	83.071
380.82	82.906
381.15	82.753
381.48	82.580
381.81	82.419
382.13	82.254
382.46	82.093
382.79	81.928
383.12	81.759
383.45	81.590
383.78	81.425
384.11	81.260
384.44	81.095
384.77	80.923
385.10	80.761
385.42	80.601
385.76	80.436
386.09	80.262
386.42	80.086
386.75	79.921
387.08	79.748
387.41	79.567
387.75	79.395
388.08	79.226
388.41	79.057
388.74	78.884
389.07	78.715
389.40	78.534
389.73	78.354
390.06	78.181
390.40	78.004
390.73	77.820
391.06	77.643
391.40	77.462
391.74	77.277
392.07	77.089
392.41	76.900
392.74	76.716
393.07	76.527
393.41	76.335
393.74	76.134
394.07	75.938
394.40	75.745
394.73	75.545
395.06	75.349
395.39	75.148
395.72	74.944
396.05	74.728
396.38	74.512
396.71	74.304
397.04	74.092
397.38	73.880
397.71	73.668
398.04	73.452
398.37	73.224
398.70	72.992
399.04	72.756
399.37	72.532
399.70	72.305
400.03	72.077
400.36	71.845
400.69	71.605
401.02	71.358
401.35	71.106
401.68	70.851
402.01	70.596
402.35	70.352
402.68	70.101
403.01	69.842
403.34	69.578
403.67	69.319
404.00	69.044
404.34	68.777
404.67	68.514
405.01	68.239
405.34	67.956
405.67	67.677
406.00	67.391
406.33	67.100
406.66	66.805
406.99	66.515
407.32	66.224
407.65	65.918
407.98	65.619
408.31	65.305
408.64	65.002
408.97	64.700
409.30	64.390
409.62	64.075
409.95	63.757
410.28	63.427
410.61	63.113
410.94	62.783
411.27	62.457
411.60	62.119
411.93	61.786
412.26	61.448
412.59	61.106
412.91	60.776
413.24	60.427
413.57	60.077
413.89	59.727
414.22	59.374
414.55	59.005
414.87	58.647
415.20	58.286
415.53	57.920
415.86	57.567
416.18	57.206
416.51	56.836
416.83	56.471
417.16	56.102
417.49	55.721
417.81	55.347
418.14	54.966
418.46	54.578
418.79	54.189
419.12	53.796
419.44	53.403
419.77	53.003
420.10	52.598
420.42	52.190
420.75	51.789
421.08	51.384
421.41	50.987
421.74	50.591
422.08	50.194
422.41	49.785
422.74	49.365
423.06	48.953
423.39	48.532
423.72	48.108
424.05	47.692
424.38	47.268
424.70	46.847
425.03	46.427
425.36	45.999
425.68	45.567
426.01	45.147
426.34	44.715
426.67	44.287
427.00	43.847
427.33	43.410
427.66	42.975
428.00	42.531
428.33	42.095
428.66	41.651
428.99	41.211
429.32	40.771
429.65	40.323
429.98	39.887
430.31	39.423
430.64	38.984
430.98	38.548
431.31	38.100
431.64	37.668
431.98	37.224
432.31	36.772
432.64	36.325
432.97	35.881
433.31	35.441
433.64	34.997
433.97	34.549
434.30	34.101
434.63	33.653
434.96	33.198
435.29	32.754
435.63	32.326
435.95	31.906
436.29	31.477
436.62	31.049
436.95	30.621
437.28	30.185
437.61	29.749
437.94	29.321
438.28	28.897
438.61	28.461
438.93	28.032
439.26	27.612
439.59	27.208
439.91	26.787
440.24	26.359
440.57	25.955
440.90	25.554
441.24	25.169
441.57	24.776
441.91	24.387
442.25	24.002
442.58	23.617
442.91	23.240
443.24	22.875
443.57	22.506
443.90	22.145
444.23	21.779
444.57	21.430
444.90	21.084
445.23	20.742
445.56	20.401
445.90	20.059
446.23	19.717
446.56	19.375
446.90	19.045
447.23	18.727
447.57	18.413
447.91	18.107
448.25	17.804
448.58	17.494
448.92	17.199
449.26	16.905
449.60	16.622
449.93	16.347
450.27	16.076
450.60	15.817
450.94	15.565
451.28	15.310
451.61	15.078
451.94	14.842
452.28	14.607
452.62	14.387
452.95	14.159
453.29	13.931
453.63	13.723
453.98	13.523
454.32	13.314
454.66	13.134
455.00	12.961
455.34	12.788
455.68	12.619
456.02	12.446
456.36	12.281
456.70	12.136
457.04	11.995
457.37	11.857
457.71	11.724
458.04	11.578
458.38	11.441
458.72	11.311
459.06	11.174
459.39	11.056
459.73	10.930
460.07	10.812
460.41	10.695
460.75	10.577
461.09	10.459
461.43	10.341
461.77	10.243
462.10	10.141
462.44	10.039
462.78	9.929
463.11	9.818
463.45	9.716
463.78	9.626
464.12	9.536
464.46	9.449
464.80	9.363
465.14	9.288
465.48	9.194
465.82	9.104
466.17	9.021
466.51	8.943
466.85	8.864
467.19	8.789
467.53	8.715
467.87	8.628
468.20	8.558
468.54	8.487
468.87	8.420
469.21	8.354
469.54	8.287
469.88	8.212
470.22	8.153
470.56	8.094
470.90	8.035
471.24	7.972
471.57	7.914
471.91	7.858
472.25	7.811
472.59	7.752
472.92	7.701
473.26	7.662
473.60	7.615
473.94	7.568
474.28	7.521
474.61	7.482
474.95	7.442
475.28	7.407
475.62	7.364
475.95	7.332
476.29	7.297
476.62	7.269
476.96	7.242
477.29	7.214
477.63	7.195
477.96	7.171
478.30	7.151
478.63	7.136
478.97	7.116
479.31	7.093
479.64	7.081
479.98	7.065
480.31	7.061
480.64	7.057
480.98	7.053
481.31	7.045
481.65	7.034
481.99	7.034
482.32	7.037
482.66	7.034
482.99	7.030
483.33	7.034
483.66	7.042
483.99	7.042
484.33	7.037
484.66	7.034
485.00	7.026
485.33	7.022
485.66	7.014
485.99	7.006
486.32	6.994
486.65	6.990
486.99	6.979
487.32	6.971
487.66	6.963
487.99	6.955
488.33	6.939
488.66	6.935
489.00	6.924
489.33	6.912
489.67	6.916
490.01	6.908
490.35	6.904
490.68	6.892
491.03	6.884
491.37	6.880
491.71	6.880
492.05	6.877
492.39	6.869
492.73	6.865
493.06	6.857
493.40	6.857
493.74	6.849
494.07	6.841
494.41	6.829
494.75	6.826
495.09	6.829
495.43	6.818
495.76	6.798
496.10	6.782
496.43	6.786
496.77	6.790
497.11	6.794
497.45	6.786
497.78	6.774
498.12	6.770
498.46	6.759
498.79	6.751
499.13	6.747
499.46	6.747
499.80	6.735
500.13	6.723
500.46	6.719
500.80	6.711
501.13	6.719
501.47	6.715
501.81	6.708
502.14	6.704
502.48	6.700
502.82	6.696
503.15	6.700
503.49	6.696
503.82	6.684
504.16	6.672
504.49	6.672
504.82	6.672
505.16	6.661
505.50	6.649
505.83	6.645
506.17	6.637
506.51	6.625
506.84	6.609
507.18	6.602
507.51	6.602
507.84	6.602
508.18	6.602
508.51	6.594
508.84	6.586
509.17	6.586
509.50	6.578
509.83	6.578
510.16	6.570
510.49	6.562
510.81	6.551
511.14	6.539
511.47	6.539
511.80	6.539
512.13	6.546
512.47	6.543
512.80	6.535
513.13	6.523
513.47	6.507
513.80	6.507
514.13	6.503
514.46	6.495
514.79	6.476
515.12	6.468
515.45	6.464
515.78	6.456
516.12	6.456
516.45	6.452
516.78	6.440
517.11	6.429
517.44	6.425
517.76	6.421
518.10	6.417
518.43	6.401
518.76	6.401
519.09	6.405
519.42	6.397
519.75	6.393
520.08	6.389
520.41	6.386
520.75	6.382
521.08	6.370
521.41	6.362
521.76	6.362
522.09	6.354
522.43	6.346
522.77	6.342
523.10	6.330
523.44	6.330
523.77	6.319
524.10	6.319
524.43	6.307
524.76	6.299
525.09	6.291
525.42	6.279
525.75	6.279
526.08	6.279
526.40	6.264
526.73	6.252
527.07	6.240
527.40	6.229
527.73	6.224
528.07	6.224
528.40	6.213
528.74	6.205
529.07	6.201
529.40	6.197
529.73	6.181
530.07	6.177
530.40	6.162
530.73	6.162
531.06	6.154
531.39	6.138
531.72	6.134
532.05	6.122
532.39	6.103
532.72	6.091
533.06	6.079
533.39	6.063
533.73	6.059
534.07	6.052
534.40	6.048
534.74	6.048
535.07	6.055
535.40	6.048
535.74	6.044
536.07	6.032
536.40	6.024
536.73	6.028
537.07	6.020
537.40	6.005
537.74	5.997
538.07	5.981
538.41	5.965
538.75	5.961
539.08	5.961
539.41	5.957
539.73	5.942
540.06	5.922
540.38	5.914
540.71	5.910
541.04	5.898
541.37	5.890
541.70	5.883
542.04	5.871
542.37	5.863
542.70	5.859
543.04	5.859
543.37	5.855
543.70	5.847
544.04	5.824
544.37	5.812
544.71	5.800
545.05	5.792
545.39	5.796
545.73	5.784
546.07	5.773
546.41	5.761
546.75	5.753
547.08	5.753
547.42	5.753
547.75	5.749
548.09	5.733
548.43	5.737
548.76	5.726
549.10	5.714
549.44	5.702
549.78	5.690
550.12	5.694
550.45	5.694
550.78	5.694
551.12	5.686
551.46	5.674
551.80	5.659
552.14	5.659
552.48	5.651
552.81	5.639
553.15	5.639
553.49	5.623
553.82	5.608
554.15	5.596
554.49	5.596
554.82	5.592
555.15	5.576
555.49	5.576
555.83	5.576
556.16	5.565
556.50	5.553
556.84	5.541
557.17	5.553
557.51	5.553
557.84	5.545
558.17	5.529
558.50	5.517
558.84	5.510
559.17	5.490
559.51	5.474
559.84	5.466
560.18	5.458
560.51	5.458
560.85	5.458
561.18	5.451
561.52	5.447
561.85	5.451
562.18	5.455
562.51	5.447
562.85	5.435
563.19	5.423
563.52	5.419
563.86	5.411
564.19	5.411
564.53	5.404
564.86	5.388
565.20	5.376
565.54	5.360
565.88	5.352
566.21	5.349
566.55	5.352
566.88	5.360
567.21	5.356
567.53	5.352
567.87	5.341
568.20	5.333
568.54	5.321
568.88	5.317
569.21	5.309
569.55	5.309
569.88	5.301
570.22	5.290
570.55	5.282
570.89	5.282
571.23	5.270
571.57	5.262
571.90	5.254
572.24	5.254
572.58	5.242
572.91	5.223
573.25	5.207
573.59	5.195
573.93	5.199
574.27	5.187
574.61	5.191
574.95	5.191
575.29	5.180
575.63	5.168
575.97	5.164
576.31	5.148
576.64	5.144
576.97	5.133
577.30	5.121
577.64	5.117
577.98	5.121
578.31	5.113
578.65	5.089
578.99	5.077
579.33	5.070
579.67	5.070
580.01	5.062
580.36	5.054
580.70	5.042
581.04	5.038
581.39	5.030
581.73	5.034
582.08	5.026
582.42	5.026
582.77	5.015
583.11	5.007
583.45	4.995
583.79	4.995
584.13	4.987
584.47	4.983
584.81	4.975
585.15	4.967
585.49	4.960
585.84	4.948
586.18	4.932
586.53	4.924
586.87	4.920
587.22	4.917
587.56	4.897
587.91	4.881
588.25	4.869
